
########## cohere / 1-bit ##########
engine   train_s  encode_s  build_s  dump_s  total_s
zvec        78.7       9.1     87.7    0.16     87.9
faiss       43.5       9.9     53.4    0.05     53.4
--- cohere 1-bit, 1 search threads ---
 nprobe   zvec_qps  faiss_qps    z/f  zvec_rec  faiss_rec  faiss@zrec  iso_z/f
      1       8043       5639   1.43    0.4149     0.4361           -        -
      2       6607       5031   1.31    0.5492     0.5606        5084     1.30
      4       5406       4187   1.29    0.6456     0.6624        4315     1.25
      8       4189       3176   1.32    0.7087     0.7275        3439     1.22
     16       3020       2165   1.39    0.7474     0.7758        2712     1.11
     32       1921       1314   1.46    0.7796     0.8014        2010     0.96
     64       1148        768   1.50    0.7946     0.8163        1500     0.77
    128        636        417   1.53    0.8034     0.8232        1222     0.52
    256        336        217   1.55    0.8047     0.8244        1166     0.29
--- cohere 1-bit, 4 search threads ---
 nprobe   zvec_qps  faiss_qps    z/f  zvec_rec  faiss_rec  faiss@zrec  iso_z/f
      1      36725      15297   2.40    0.4149     0.4361           -        -
      2      30157      14101   2.14    0.5492     0.5606       14206     2.12
      4      24941      12466   2.00    0.6456     0.6624       12722     1.96
      8      19720       9989   1.97    0.7087     0.7275       10649     1.85
     16      13942       7393   1.89    0.7474     0.7758        8824     1.58
     32       8847       4589   1.93    0.7796     0.8014        6888     1.28
     64       4980       2737   1.82    0.7946     0.8163        5209     0.96
    128       2815       1525   1.85    0.8034     0.8232        4281     0.66
    256       1521        751   2.03    0.8047     0.8244        4092     0.37
--- cohere 1-bit, 8 search threads ---
 nprobe   zvec_qps  faiss_qps    z/f  zvec_rec  faiss_rec  faiss@zrec  iso_z/f
      1      69590      20143   3.45    0.4149     0.4361           -        -
      2      57613      18851   3.06    0.5492     0.5606       18966     3.04
      4      47636      16564   2.88    0.6456     0.6624       16921     2.82
      8      38205      13841   2.76    0.7087     0.7275       14578     2.62
     16      26681      10691   2.50    0.7474     0.7758       12444     2.14
     32      17027       7316   2.33    0.7796     0.8014       10105     1.68
     64      10178       4411   2.31    0.7946     0.8163        8092     1.26
    128       5543       2503   2.21    0.8034     0.8232        6836     0.81
    256       2905       1244   2.34    0.8047     0.8244        6541     0.44
--- cohere 1-bit, 16 search threads ---
 nprobe   zvec_qps  faiss_qps    z/f  zvec_rec  faiss_rec  faiss@zrec  iso_z/f
      1      80989      21619   3.75    0.4149     0.4361           -        -
      2      87742      20783   4.22    0.5492     0.5606       20858     4.21
      4      70061      19132   3.66    0.6456     0.6624       19395     3.61
      8      51076      16348   3.12    0.7087     0.7275       17107     2.99
     16      34742      12425   2.80    0.7474     0.7758       14601     2.38
     32      21252       8587   2.48    0.7796     0.8014       11762     1.81
     64      12815       5390   2.38    0.7946     0.8163        9472     1.35
    128       6824       2988   2.28    0.8034     0.8232        8066     0.85
    256       3609       1604   2.25    0.8047     0.8244        7745     0.47
scaling@nprobe256 zvec  : 1t=1.0x 4t=4.5x 8t=8.6x 16t=10.7x
scaling@nprobe256 faiss : 1t=1.0x 4t=3.5x 8t=5.7x 16t=7.4x

########## cohere / 7-bit ##########
engine   train_s  encode_s  build_s  dump_s  total_s
zvec        78.6       9.5     88.1    0.89     89.0
faiss       43.5      41.4     84.9    0.30     85.2
--- cohere 7-bit, 1 search threads ---
 nprobe   zvec_qps  faiss_qps    z/f  zvec_rec  faiss_rec  faiss@zrec  iso_z/f
      1       6793       3664   1.85    0.4569     0.4619           -        -
      2       5592       2996   1.87    0.5945     0.6051        3041     1.84
      4       4683       2264   2.07    0.7171     0.7330        2344     2.00
      8       3651       1553   2.35    0.8193     0.8225        1574     2.32
     16       2637        997   2.64    0.8924     0.8956        1017     2.59
     32       1775        581   3.06    0.9404     0.9418         590     3.01
     64       1090        337   3.24    0.9702     0.9735         357     3.06
    128        612        179   3.43    0.9875     0.9877         180     3.40
    256        332         92   3.62    0.9926     0.9934         101     3.29
--- cohere 7-bit, 4 search threads ---
 nprobe   zvec_qps  faiss_qps    z/f  zvec_rec  faiss_rec  faiss@zrec  iso_z/f
      1      28549      11114   2.57    0.4569     0.4619           -        -
      2      23614       9443   2.50    0.5945     0.6051        9558     2.47
      4      19806       7482   2.65    0.7171     0.7330        7701     2.57
      8      16056       5300   3.03    0.8193     0.8225        5366     2.99
     16      11997       3471   3.46    0.8924     0.8956        3535     3.39
     32       7850       2130   3.68    0.9404     0.9418        2162     3.63
     64       4842       1192   4.06    0.9702     0.9735        1267     3.82
    128       2675        632   4.23    0.9875     0.9877         638     4.19
    256       1479        326   4.53    0.9926     0.9934         358     4.13
--- cohere 7-bit, 8 search threads ---
 nprobe   zvec_qps  faiss_qps    z/f  zvec_rec  faiss_rec  faiss@zrec  iso_z/f
      1      54178      15512   3.49    0.4569     0.4619           -        -
      2      46111      13483   3.42    0.5945     0.6051       13624     3.38
      4      38176      10577   3.61    0.7171     0.7330       10901     3.50
      8      31063       8013   3.88    0.8193     0.8225        8093     3.84
     16      23069       5603   4.12    0.8924     0.8956        5692     4.05
     32      15942       3536   4.51    0.9404     0.9418        3585     4.45
     64       9842       1976   4.98    0.9702     0.9735        2100     4.69
    128       5484       1019   5.38    0.9875     0.9877        1028     5.33
    256       2878        532   5.41    0.9926     0.9934         583     4.94
--- cohere 7-bit, 16 search threads ---
 nprobe   zvec_qps  faiss_qps    z/f  zvec_rec  faiss_rec  faiss@zrec  iso_z/f
      1      77413      17463   4.43    0.4569     0.4619           -        -
      2      62148      15602   3.98    0.5945     0.6051       15732     3.95
      4      54593      12844   4.25    0.7171     0.7330       13158     4.15
      8      42344       9845   4.30    0.8193     0.8225        9939     4.26
     16      30071       6881   4.37    0.8924     0.8956        6990     4.30
     32      20216       4355   4.64    0.9404     0.9418        4416     4.58
     64      12030       2492   4.83    0.9702     0.9735        2641     4.55
    128       6586       1401   4.70    0.9875     0.9877        1413     4.66
    256       3608        918   3.93    0.9926     0.9934         974     3.70
scaling@nprobe256 zvec  : 1t=1.0x 4t=4.5x 8t=8.7x 16t=10.9x
scaling@nprobe256 faiss : 1t=1.0x 4t=3.6x 8t=5.8x 16t=10.0x

########## gist / 1-bit ##########
engine   train_s  encode_s  build_s  dump_s  total_s
zvec       108.1      11.8    120.0    0.19    120.2
faiss       41.9       9.7     51.7    0.05     51.7
--- gist 1-bit, 1 search threads ---
 nprobe   zvec_qps  faiss_qps    z/f  zvec_rec  faiss_rec  faiss@zrec  iso_z/f
      1       5865       5551   1.06    0.2334     0.2250        5498     1.07
      2       4854       4907   0.99    0.3463     0.3334        4793     1.01
      4       3921       3998   0.98    0.4575     0.4452        3849     1.02
      8       2882       2952   0.98    0.5526     0.5435        2806     1.03
     16       1968       1968   1.00    0.6161     0.6164        1972     1.00
     32       1235       1191   1.04    0.6560     0.6597        1243     0.99
     64        700        702   1.00    0.6725     0.6767         800     0.88
    128        395        377   1.05    0.6750     0.6809         740     0.53
    256        213        197   1.08    0.6753     0.6818         733     0.29
--- gist 1-bit, 4 search threads ---
 nprobe   zvec_qps  faiss_qps    z/f  zvec_rec  faiss_rec  faiss@zrec  iso_z/f
      1      25689      14597   1.76    0.2334     0.2250       14510     1.77
      2      21246      13513   1.57    0.3463     0.3334       13298     1.60
      4      17033      11756   1.45    0.4575     0.4452       11397     1.49
      8      12404       9172   1.35    0.5526     0.5435        8802     1.41
     16       8618       6596   1.31    0.6161     0.6164        6605     1.30
     32       5260       4215   1.25    0.6560     0.6597        4379     1.20
     64       3047       2490   1.22    0.6725     0.6767        2835     1.07
    128       1689       1349   1.25    0.6750     0.6809        2624     0.64
    256        902        689   1.31    0.6753     0.6818        2600     0.35
--- gist 1-bit, 8 search threads ---
 nprobe   zvec_qps  faiss_qps    z/f  zvec_rec  faiss_rec  faiss@zrec  iso_z/f
      1      46450      18944   2.45    0.2334     0.2250       18859     2.46
      2      40117      17878   2.24    0.3463     0.3334       17668     2.27
      4      33544      16137   2.08    0.4575     0.4452       15775     2.13
      8      24889      13463   1.85    0.5526     0.5435       12993     1.92
     16      16950      10129   1.67    0.6161     0.6164       10140     1.67
     32      10560       6756   1.56    0.6560     0.6597        6994     1.51
     64       6015       4022   1.50    0.6725     0.6767        4572     1.32
    128       3257       2214   1.47    0.6750     0.6809        4237     0.77
    256       1789       1122   1.59    0.6753     0.6818        4198     0.43
--- gist 1-bit, 16 search threads ---
 nprobe   zvec_qps  faiss_qps    z/f  zvec_rec  faiss_rec  faiss@zrec  iso_z/f
      1      60588      20872   2.90    0.2334     0.2250       20865     2.90
      2      51682      20782   2.49    0.3463     0.3334       20478     2.52
      4      41589      18288   2.27    0.4575     0.4452       17934     2.32
      8      30064      15644   1.92    0.5526     0.5435       15078     1.99
     16      19455      11643   1.67    0.6161     0.6164       11657     1.67
     32      12459       8104   1.54    0.6560     0.6597        8359     1.49
     64       7070       4896   1.44    0.6725     0.6767        5545     1.28
    128       3960       2734   1.45    0.6750     0.6809        5149     0.77
    256       2176       1502   1.45    0.6753     0.6818        5103     0.43
scaling@nprobe256 zvec  : 1t=1.0x 4t=4.2x 8t=8.4x 16t=10.2x
scaling@nprobe256 faiss : 1t=1.0x 4t=3.5x 8t=5.7x 16t=7.6x

########## gist / 7-bit ##########
engine   train_s  encode_s  build_s  dump_s  total_s
zvec       108.2      12.8    121.0    1.10    122.1
faiss       41.0      38.9     79.9    0.29     80.2
--- gist 7-bit, 1 search threads ---
 nprobe   zvec_qps  faiss_qps    z/f  zvec_rec  faiss_rec  faiss@zrec  iso_z/f
      1       5231       3591   1.46    0.2531     0.2388        3495     1.50
      2       4300       2825   1.52    0.3745     0.3655        2770     1.55
      4       3448       2038   1.69    0.5247     0.5147        1990     1.73
      8       2590       1426   1.82    0.6768     0.6628        1357     1.91
     16       1800        881   2.04    0.8118     0.8003         829     2.17
     32       1144        506   2.26    0.9056     0.9052         504     2.27
     64        682        285   2.39    0.9620     0.9642         292     2.34
    128        384        150   2.56    0.9846     0.9839         132     2.91
    256        209         75   2.80    0.9875     0.9877          78     2.70
--- gist 7-bit, 4 search threads ---
 nprobe   zvec_qps  faiss_qps    z/f  zvec_rec  faiss_rec  faiss@zrec  iso_z/f
      1      23380      11081   2.11    0.2531     0.2388       10817     2.16
      2      19130       8948   2.14    0.3745     0.3655        8810     2.17
      4      15506       6914   2.24    0.5247     0.5147        6740     2.30
      8      11276       4744   2.38    0.6768     0.6628        4542     2.48
     16       7962       3096   2.57    0.8118     0.8003        2915     2.73
     32       4950       1787   2.77    0.9056     0.9052        1780     2.78
     64       2934        965   3.04    0.9620     0.9642         987     2.97
    128       1620        514   3.15    0.9846     0.9839         454     3.56
    256        887        263   3.37    0.9875     0.9877         272     3.26
--- gist 7-bit, 8 search threads ---
 nprobe   zvec_qps  faiss_qps    z/f  zvec_rec  faiss_rec  faiss@zrec  iso_z/f
      1      43925      15478   2.84    0.2531     0.2388       15160     2.90
      2      35001      12880   2.72    0.3745     0.3655       12718     2.75
      4      27870      10441   2.67    0.5247     0.5147       10212     2.73
      8      22218       7513   2.96    0.6768     0.6628        7207     3.08
     16      15508       4999   3.10    0.8118     0.8003        4719     3.29
     32       9898       2956   3.35    0.9056     0.9052        2945     3.36
     64       5901       1657   3.56    0.9620     0.9642        1693     3.49
    128       3194        868   3.68    0.9846     0.9839         774     4.13
    256       1767        465   3.80    0.9875     0.9877         480     3.68
--- gist 7-bit, 16 search threads ---
 nprobe   zvec_qps  faiss_qps    z/f  zvec_rec  faiss_rec  faiss@zrec  iso_z/f
      1      62267      17967   3.47    0.2531     0.2388       17671     3.52
      2      48813      15505   3.15    0.3745     0.3655       15314     3.19
      4      38533      12623   3.05    0.5247     0.5147       12349     3.12
      8      28487       9125   3.12    0.6768     0.6628        8771     3.25
     16      19052       6188   3.08    0.8118     0.8003        5839     3.26
     32      12352       3643   3.39    0.9056     0.9052        3629     3.40
     64       6961       2100   3.31    0.9620     0.9642        2144     3.25
    128       3859       1203   3.21    0.9846     0.9839        1123     3.44
    256       2133        828   2.58    0.9875     0.9877         844     2.53
scaling@nprobe256 zvec  : 1t=1.0x 4t=4.2x 8t=8.4x 16t=10.2x
scaling@nprobe256 faiss : 1t=1.0x 4t=3.5x 8t=6.2x 16t=11.1x
